Moviment(19, 26, 0)
Moviment(11, 63, 0)
Moviment(19, 37, 0)
Moviment(4, 70, 0)
Moviment(15, 74, 0)
Moviment(20, 26, 0)
Moviment(12, 62, 0)
Moviment(19, 38, 0)
Moviment(5, 69, 0)
Moviment(16, 73, 0)
Moviment(21, 25, 0)
Moviment(13, 62, 0)
Moviment(19, 39, 0)
Moviment(6, 69, 0)
Moviment(17, 72, 0)
(21, 25, 0) 0
(21, 25, 0) 0
(21, 25, 0) 0
(21, 25, 0) 0
(21, 25, 0) 0
(21, 25, 0) 0
(21, 25, 0) 0
(21, 25, 0) 0
(21, 25, 0) 0
(21, 25, 0) 0
(21, 25, 0) 0
(21, 25, 0) 0
(21, 25, 0) 0
(21, 25, 0) 0
(21, 25, 0) 0
(21, 25, 0) 0
(21, 25, 0) 0
(21, 25, 0) 0
(21, 25, 0) 0
(21, 25, 0) 0
(21, 25, 0) 0
(21, 25, 0) 0
(21, 25, 0) 0
(21, 25, 0) 0
(21, 25, 0) 0
(21, 25, 0) 0
(21, 25, 0) 0
(21, 25, 0) 0
(21, 25, 0) 0
(21, 25, 0) 0
(21, 25, 0) 0
(21, 25, 0) 0
(21, 25, 0) 0
(21, 25, 0) 0
(21, 25, 0) 0
(21, 25, 0) 0
(21, 25, 0) 0
(21, 25, 0) 0
(21, 25, 0) 0
(21, 25, 0) 0
(21, 25, 0) 0
(21, 25, 0) 0
(21, 25, 0) 0
(21, 25, 0) 0
(21, 25, 0) 0
(21, 25, 0) 0
(21, 25, 0) 0
(21, 25, 0) 0
(21, 25, 0) 0
(21, 25, 0) 0
(21, 25, 0) 0
(21, 25, 0) 0
(21, 25, 0) 0
(21, 25, 0) 0
(21, 25, 0) 0
(21, 25, 0) 0
Moviment(21, 26, 0)
(13, 62, 0) 0
(13, 62, 0) 0
(13, 62, 0) 0
(13, 62, 0) 0
(13, 62, 0) 0
(13, 62, 0) 0
(13, 62, 0) 0
(13, 62, 0) 0
(13, 62, 0) 0
(13, 62, 0) 0
(13, 62, 0) 0
(13, 62, 0) 0
(13, 62, 0) 0
(13, 62, 0) 0
(13, 62, 0) 0
(13, 62, 0) 0
(13, 62, 0) 0
(13, 62, 0) 0
(13, 62, 0) 0
(13, 62, 0) 0
(13, 62, 0) 0
(13, 62, 0) 0
(13, 62, 0) 0
(13, 62, 0) 0
(13, 62, 0) 0
(13, 62, 0) 0
(13, 62, 0) 0
(13, 62, 0) 0
(13, 62, 0) 0
(13, 62, 0) 0
(13, 62, 0) 0
(13, 62, 0) 0
(13, 62, 0) 0
(13, 62, 0) 0
(13, 62, 0) 0
(13, 62, 0) 0
(13, 62, 0) 0
(13, 62, 0) 0
(13, 62, 0) 0
(13, 62, 0) 0
(13, 62, 0) 0
(13, 62, 0) 0
(13, 62, 0) 0
(13, 62, 0) 0
(13, 62, 0) 0
(13, 62, 0) 0
(13, 62, 0) 0
(13, 62, 0) 0
(13, 62, 0) 0
(13, 62, 0) 0
(13, 62, 0) 0
(13, 62, 0) 0
(13, 62, 0) 0
(13, 62, 0) 0
(13, 62, 0) 0
(13, 62, 0) 0
(13, 62, 0) 0
(13, 62, 0) 0
(13, 62, 0) 0
(13, 62, 0) 0
(13, 62, 0) 0
(13, 62, 0) 0
(13, 62, 0) 0
(13, 62, 0) 0
Moviment(13, 61, 0)
(19, 39, 0) 0
(19, 39, 0) 0
(19, 39, 0) 0
(19, 39, 0) 0
(19, 39, 0) 0
(19, 39, 0) 0
(19, 39, 0) 0
(19, 39, 0) 0
(19, 39, 0) 0
(19, 39, 0) 0
(19, 39, 0) 0
(19, 39, 0) 0
(19, 39, 0) 0
(19, 39, 0) 0
(19, 39, 0) 0
(19, 39, 0) 0
Moviment(19, 40, 0)
(6, 69, 0) 0
(6, 69, 0) 0
(6, 69, 0) 0
(6, 69, 0) 0
(6, 69, 0) 0
(6, 69, 0) 0
(6, 69, 0) 0
(6, 69, 0) 0
(6, 69, 0) 0
(6, 69, 0) 0
(6, 69, 0) 0
(6, 69, 0) 0
(6, 69, 0) 0
(6, 69, 0) 0
(6, 69, 0) 0
(6, 69, 0) 0
(6, 69, 0) 0
(6, 69, 0) 0
(6, 69, 0) 0
(6, 69, 0) 0
(6, 69, 0) 0
(6, 69, 0) 0
(6, 69, 0) 0
(6, 69, 0) 0
(6, 69, 0) 0
(6, 69, 0) 0
(6, 69, 0) 0
(6, 69, 0) 0
(6, 69, 0) 0
(6, 69, 0) 0
(6, 69, 0) 0
(6, 69, 0) 0
(6, 69, 0) 0
(6, 69, 0) 0
(6, 69, 0) 0
(6, 69, 0) 0
(6, 69, 0) 0
(6, 69, 0) 0
(6, 69, 0) 0
(6, 69, 0) 0
(6, 69, 0) 0
(6, 69, 0) 0
(6, 69, 0) 0
(6, 69, 0) 0
(6, 69, 0) 0
(6, 69, 0) 0
(6, 69, 0) 0
(6, 69, 0) 0
(6, 69, 0) 0
(6, 69, 0) 0
(6, 69, 0) 0
(6, 69, 0) 0
(6, 69, 0) 0
(6, 69, 0) 0
(6, 69, 0) 0
(6, 69, 0) 0
(6, 69, 0) 0
(6, 69, 0) 0
(6, 69, 0) 0
(6, 69, 0) 0
(6, 69, 0) 0
(6, 69, 0) 0
(6, 69, 0) 0
(6, 69, 0) 0
(6, 69, 0) 0
(6, 69, 0) 0
(6, 69, 0) 0
(6, 69, 0) 0
(6, 69, 0) 0
(6, 69, 0) 0
(6, 69, 0) 0
(6, 69, 0) 0
(6, 69, 0) 0
(6, 69, 0) 0
(6, 69, 0) 0
(6, 69, 0) 0
(6, 69, 0) 0
(6, 69, 0) 0
(6, 69, 0) 0
(6, 69, 0) 0
(6, 69, 0) 0
(6, 69, 0) 0
(6, 69, 0) 0
(6, 69, 0) 0
(6, 69, 0) 0
(6, 69, 0) 0
(6, 69, 0) 0
(6, 69, 0) 0
(6, 69, 0) 0
(6, 69, 0) 0
(6, 69, 0) 0
(6, 69, 0) 0
(6, 69, 0) 0
(6, 69, 0) 0
(6, 69, 0) 0
(6, 69, 0) 0
(6, 69, 0) 0
(6, 69, 0) 0
(6, 69, 0) 0
(6, 69, 0) 0
(6, 69, 0) 0
(6, 69, 0) 0
(6, 69, 0) 0
(6, 69, 0) 0
(6, 69, 0) 0
(6, 69, 0) 0
(6, 69, 0) 0
(6, 69, 0) 0
(6, 69, 0) 0
(6, 69, 0) 0
(6, 69, 0) 0
(6, 69, 0) 0
(6, 69, 0) 0
(6, 69, 0) 0
(6, 69, 0) 0
(6, 69, 0) 0
(6, 69, 0) 0
(6, 69, 0) 0
(6, 69, 0) 0
(6, 69, 0) 0
(6, 69, 0) 0
(6, 69, 0) 0
(6, 69, 0) 0
(6, 69, 0) 0
(6, 69, 0) 0
(6, 69, 0) 0
(6, 69, 0) 0
(6, 69, 0) 0
Moviment(7, 69, 0)
(16, 73, 0) 0
(16, 73, 0) 0
(16, 73, 0) 0
(16, 73, 0) 0
(16, 73, 0) 0
(16, 73, 0) 0
(16, 73, 0) 0
(16, 73, 0) 0
(16, 73, 0) 0
(16, 73, 0) 0
(16, 73, 0) 0
(16, 73, 0) 0
(16, 73, 0) 0
(16, 73, 0) 0
(16, 73, 0) 0
(16, 73, 0) 0
Moviment(17, 72, 0)
Moviment(22, 26, 0)
Moviment(14, 60, 0)
Moviment(19, 41, 0)
Moviment(8, 68, 0)
Moviment(15, 74, 0)
Moviment(22, 26, 0)
Moviment(15, 59, 0)
Moviment(19, 41, 0)
Moviment(9, 69, 0)
Moviment(14, 75, 0)
Moviment(22, 26, 0)
Moviment(15, 59, 0)
Moviment(20, 39, 0)
Moviment(10, 70, 0)
Moviment(13, 75, 0)
Moviment(13, 59, 0)
Moviment(21, 38, 0)
Moviment(10, 70, 0)
Moviment(12, 75, 0)
Moviment(14, 58, 0)
Moviment(22, 37, 0)
Moviment(10, 70, 0)
Moviment(12, 75, 0)
Moviment(24, 60, 0)
Moviment(14, 57, 0)
Moviment(23, 36, 0)
Moviment(8, 68, 0)
Moviment(12, 75, 0)
Moviment(23, 61, 0)
Moviment(15, 56, 0)
Moviment(23, 36, 0)
Moviment(7, 69, 0)
Moviment(22, 62, 0)
Moviment(14, 55, 0)
Moviment(22, 36, 0)
Moviment(6, 70, 0)
Moviment(21, 62, 0)
Moviment(13, 54, 0)
Moviment(22, 36, 0)
Moviment(6, 70, 0)
Moviment(21, 61, 0)
Moviment(14, 53, 0)
Moviment(23, 37, 0)
Moviment(8, 68, 0)
Moviment(22, 60, 0)
Moviment(15, 52, 0)
Moviment(24, 38, 0)
Moviment(9, 69, 0)
Moviment(21, 59, 0)
Moviment(16, 51, 0)
Moviment(25, 38, 0)
Moviment(9, 70, 0)
Moviment(22, 58, 0)
Moviment(17, 50, 0)
Moviment(26, 39, 0)
Moviment(10, 71, 0)
Moviment(22, 57, 0)
Moviment(18, 49, 0)
Moviment(27, 40, 0)
Moviment(11, 72, 0)
Moviment(21, 56, 0)
Moviment(19, 48, 0)
Moviment(28, 40, 0)
Moviment(12, 72, 0)
Moviment(21, 55, 0)
Moviment(20, 47, 0)
Moviment(29, 41, 0)
Moviment(13, 71, 0)
Moviment(20, 54, 0)
Moviment(20, 47, 0)
Moviment(30, 42, 0)
Moviment(14, 71, 0)
Moviment(19, 53, 0)
Moviment(18, 49, 0)
Moviment(30, 43, 0)
Moviment(15, 70, 0)
Moviment(19, 52, 0)
Moviment(18, 49, 0)
Moviment(31, 44, 0)
Moviment(16, 71, 0)
Moviment(18, 51, 0)
Moviment(32, 45, 0)
Moviment(17, 70, 0)
Moviment(18, 50, 0)
Moviment(33, 46, 0)
Moviment(18, 69, 0)
Moviment(17, 49, 0)
Moviment(34, 47, 0)
Moviment(18, 69, 0)
Moviment(17, 48, 0)
Moviment(35, 48, 0)
Moviment(19, 68, 0)
Moviment(16, 47, 0)
Moviment(36, 49, 0)
Moviment(20, 67, 0)
Moviment(16, 46, 0)
Moviment(36, 50, 0)
Moviment(20, 66, 0)
Moviment(16, 45, 0)
Moviment(36, 51, 0)
Moviment(20, 65, 0)
Moviment(17, 44, 0)
Moviment(35, 51, 0)
Moviment(20, 64, 0)
Moviment(16, 43, 0)
Moviment(37, 49, 0)
Moviment(20, 63, 0)
Moviment(16, 42, 0)
Moviment(36, 48, 0)
Moviment(20, 62, 0)
Moviment(16, 41, 0)
Moviment(36, 47, 0)
Moviment(20, 62, 0)
Moviment(16, 40, 0)
Moviment(37, 46, 0)
Moviment(19, 62, 0)
Moviment(17, 39, 0)
Moviment(37, 46, 0)
Moviment(18, 61, 0)
Moviment(18, 38, 0)
Moviment(17, 68, 0)
Moviment(37, 46, 0)
Moviment(18, 60, 0)
Moviment(19, 37, 0)
Moviment(17, 69, 0)
Moviment(18, 59, 0)
Moviment(18, 36, 0)
Moviment(17, 70, 0)
Moviment(18, 58, 0)
Moviment(19, 35, 0)
Moviment(17, 71, 0)
Moviment(18, 58, 0)
Moviment(20, 34, 0)
Moviment(17, 72, 0)
Moviment(17, 58, 0)
Moviment(20, 34, 0)
Moviment(18, 72, 0)
Moviment(16, 57, 0)
Moviment(19, 33, 0)
Moviment(19, 73, 0)
Moviment(15, 56, 0)
Moviment(19, 33, 0)
Moviment(19, 71, 0)
Moviment(14, 55, 0)
Moviment(13, 54, 0)
Moviment(13, 53, 0)
Moviment(14, 52, 0)
Moviment(14, 51, 0)
Moviment(13, 50, 0)
Moviment(12, 49, 0)
Moviment(12, 48, 0)
Moviment(12, 48, 0)
Moviment(11, 47, 0)
Moviment(11, 46, 0)
Moviment(12, 45, 0)
Moviment(11, 46, 0)
Moviment(11, 46, 0)
Moviment(11, 46, 0)
Moviment(11, 44, 0)
Moviment(18, 73, 0)
Moviment(11, 45, 0)
Moviment(17, 72, 0)
Moviment(10, 46, 0)
Moviment(16, 73, 0)
Moviment(9, 46, 0)
Moviment(16, 74, 0)
Moviment(8, 46, 0)
Moviment(16, 74, 0)
Moviment(7, 46, 0)
Moviment(16, 74, 0)
Moviment(6, 45, 0)
Moviment(5, 45, 0)
Moviment(5, 44, 0)
Moviment(27, 66, 0)
Moviment(27, 67, 0)
Moviment(28, 68, 0)
Moviment(29, 68, 0)
Moviment(29, 68, 0)
Moviment(29, 68, 0)
Moviment(30, 69, 0)
Moviment(31, 68, 0)
Moviment(32, 69, 0)
Moviment(33, 69, 0)
Moviment(33, 70, 0)
Moviment(33, 69, 0)
Moviment(34, 71, 0)
Moviment(34, 71, 0)
